((0.01, 0.001), 0.0)
((0.01, 0.1), 0.0)
((0.01, 10.0), 0.0)
((0.01, 1000.0), 0.0)
((0.01, 100000.0), 0.0)
((0.01, 10000000.0), 0.0)
((0.01, 1000000000.0), 0.0)
((1.0, 0.001), 0.0)
((1.0, 0.1), 0.0)
((1.0, 10.0), 0.0)
((1.0, 1000.0), 0.00015944112659441127)
((1.0, 100000.0), 0.6861356934229823)
((1.0, 10000000.0), 0.12827801297912653)
((1.0, 1000000000.0), 0.04128905913068757)
((100.0, 0.001), 0.0)
((100.0, 0.1), 0.0)
((100.0, 10.0), 0.0007228420150409202)
((100.0, 1000.0), 0.6982073217716178)
((100.0, 100000.0), 0.7120480295392206)
((100.0, 10000000.0), 0.13198201386744257)
((100.0, 1000000000.0), 0.04134567323839657)
((10000.0, 0.001), 0.0)
((10000.0, 0.1), 0.0007228420150409202)
((10000.0, 10.0), 0.696848715876215)
((10000.0, 1000.0), 0.6931705614855312)
((10000.0, 100000.0), 0.7120480295392206)
((10000.0, 10000000.0), 0.13198201386744257)
((10000.0, 1000000000.0), 0.04134567323839657)
((1000000.0, 0.001), 0.0026883902913144224)
((1000000.0, 0.1), 0.6955926965959154)
((1000000.0, 10.0), 0.689143688874411)
((1000000.0, 1000.0), 0.693159699476494)
((1000000.0, 100000.0), 0.7120480295392206)
((1000000.0, 10000000.0), 0.13198201386744257)
((1000000.0, 1000000000.0), 0.04134567323839657)
((100000000.0, 0.001), 0.5975623106272464)
((100000000.0, 0.1), 0.6864904751312904)
((100000000.0, 10.0), 0.6891762749015227)
((100000000.0, 1000.0), 0.693159699476494)
((100000000.0, 100000.0), 0.7120480295392206)
((100000000.0, 10000000.0), 0.13198201386744257)
((100000000.0, 1000000000.0), 0.04134567323839657)
((10000000000.0, 0.001), 0.5977426646125521)
((10000000000.0, 0.1), 0.6861769557637558)
((10000000000.0, 10.0), 0.6891762749015227)
((10000000000.0, 1000.0), 0.693159699476494)
((10000000000.0, 100000.0), 0.7120480295392206)
((10000000000.0, 10000000.0), 0.13198201386744257)
((10000000000.0, 1000000000.0), 0.04134567323839657)

